Band A AGC                                                                                                                                
       5_on    4_on    3_on    2_on    1_on    0_on    7_off   6_off   5_off   4_off   3_off   2_off                                      
      ------- ------- ------- ------- ------- ------- ------- ------- ------- ------- ------- -------                                     
Eu     111.00   92.00   74.00   53.00   31.00    2.00  181.00  172.00  164.00  149.00  131.00  114.00                                     
Ev     122.00  103.00   85.00   65.00   45.00   20.00  189.00  180.00  171.00  159.00  142.00  124.00                                     
Ew     112.00   94.00   75.00   54.00   32.00    3.00  182.00  173.00  165.00  150.00  133.00  115.00                                     
Ez     113.00   95.00   76.00   56.00   34.00    5.00  183.00  174.00  166.00  151.00  134.00  116.00                                     
                                                                                                                                          
Band A Eu Auto Magnitude                                                                                                                  
          0       1       2       3       4       5       6       7       8       9      10      11      12      13      14      15       
      ------- ------- ------- ------- ------- ------- ------- ------- ------- ------- ------- ------- ------- ------- ------- -------     
5_on   175.00  176.00  173.00  173.00  171.00  170.00  169.00  167.00  167.00  166.00  166.00  165.00  163.00  165.00  162.00  158.00     
4_on   176.00  176.00  173.00  172.00  171.00  169.00  169.00  167.00  168.00  165.00  164.00  164.00  164.00  163.00  163.00  159.00     
3_on   176.00  178.00  175.00  172.00  170.00  170.00  168.00  166.00  166.00  166.00  165.00  163.00  164.00  161.00  161.00  157.00     
2_on   177.00  177.00  172.00  171.00  171.00  170.00  168.00  166.00  165.00  165.00  166.00  164.00  164.00  165.00  162.00  158.00     
1_on   177.00  174.00  173.00  172.00  170.00  169.00  169.00  168.00  166.00  165.00  163.00  163.00  163.00  163.00  163.00  158.00     
0_on   178.00  176.00  174.00  171.00  169.00  168.00  167.00  166.00  166.00  164.00  163.00  164.00  163.00  164.00  162.00  157.00     
7_off  178.00  176.00  174.00  171.00  171.00  169.00  169.00  168.00  167.00  164.00  162.00  164.00  162.00  163.00  164.00  161.00     
6_off  177.00  174.00  171.00  170.00  170.00  169.00  168.00  168.00  167.00  164.00  163.00  162.00  163.00  162.00  163.00  160.00     
5_off  176.00  175.00  171.00  171.00  171.00  169.00  170.00  167.00  167.00  163.00  165.00  164.00  163.00  162.00  161.00  160.00     
4_off  176.00  174.00  173.00  173.00  171.00  171.00  169.00  168.00  164.00  164.00  165.00  164.00  165.00  165.00  163.00  158.00     
3_off  176.00  176.00  173.00  171.00  170.00  168.00  169.00  168.00  168.00  168.00  165.00  164.00  165.00  165.00  164.00  159.00     
2_off  176.00  176.00  173.00  171.00  170.00  169.00  168.00  165.00  165.00  164.00  165.00  167.00  165.00  163.00  162.00  157.00     
                                                                                                                                          
Band A Ew Auto Magnitude                                                                                                                  
          0       1       2       3       4       5       6       7       8       9      10      11      12      13      14      15       
      ------- ------- ------- ------- ------- ------- ------- ------- ------- ------- ------- ------- ------- ------- ------- -------     
5_on   176.00  176.00  174.00  174.00  171.00  170.00  169.00  168.00  167.00  166.00  166.00  165.00  163.00  164.00  162.00  158.00     
4_on   176.00  176.00  174.00  173.00  171.00  170.00  169.00  168.00  168.00  166.00  164.00  164.00  164.00  162.00  162.00  158.00     
3_on   176.00  178.00  176.00  172.00  171.00  170.00  168.00  167.00  167.00  166.00  166.00  163.00  164.00  161.00  161.00  157.00     
2_on   178.00  177.00  173.00  172.00  171.00  170.00  169.00  166.00  166.00  166.00  166.00  164.00  163.00  164.00  161.00  157.00     
1_on   177.00  175.00  175.00  172.00  171.00  170.00  169.00  169.00  167.00  165.00  164.00  163.00  163.00  163.00  162.00  157.00     
0_on   178.00  176.00  174.00  172.00  170.00  169.00  168.00  168.00  167.00  165.00  164.00  165.00  163.00  163.00  162.00  156.00     
7_off  179.00  176.00  175.00  171.00  172.00  170.00  169.00  169.00  168.00  164.00  162.00  164.00  162.00  162.00  164.00  160.00     
6_off  178.00  175.00  171.00  170.00  170.00  169.00  169.00  169.00  168.00  164.00  163.00  162.00  163.00  162.00  162.00  160.00     
5_off  176.00  176.00  172.00  172.00  171.00  170.00  171.00  168.00  167.00  164.00  165.00  164.00  163.00  162.00  161.00  160.00     
4_off  177.00  175.00  174.00  174.00  171.00  171.00  170.00  168.00  164.00  164.00  165.00  164.00  164.00  164.00  162.00  157.00     
3_off  177.00  177.00  174.00  171.00  171.00  169.00  169.00  169.00  168.00  168.00  165.00  164.00  164.00  164.00  164.00  158.00     
2_off  177.00  176.00  174.00  172.00  171.00  170.00  168.00  166.00  165.00  164.00  165.00  167.00  165.00  163.00  162.00  157.00     
                                                                                                                                          
Band A Ev Auto Magnitude                                                                                                                  
          0       1       2       3       4       5       6       7       8       9      10      11      12      13      14      15       
      ------- ------- ------- ------- ------- ------- ------- ------- ------- ------- ------- ------- ------- ------- ------- -------     
5_on   173.00  174.00  174.00  171.00  169.00  169.00  169.00  168.00  168.00  166.00  165.00  166.00  165.00  165.00  163.00  160.00     
4_on   173.00  175.00  172.00  170.00  170.00  170.00  168.00  168.00  166.00  165.00  166.00  165.00  164.00  166.00  164.00  160.00     
3_on   172.00  172.00  172.00  170.00  170.00  169.00  169.00  168.00  167.00  166.00  166.00  166.00  167.00  168.00  165.00  160.00     
2_on   173.00  172.00  172.00  171.00  169.00  169.00  167.00  165.00  165.00  166.00  165.00  167.00  167.00  165.00  164.00  160.00     
1_on   173.00  173.00  172.00  170.00  169.00  170.00  168.00  166.00  166.00  164.00  164.00  164.00  164.00  166.00  165.00  161.00     
0_on   176.00  174.00  173.00  170.00  170.00  169.00  167.00  167.00  166.00  164.00  164.00  164.00  164.00  165.00  162.00  160.00     
7_off  177.00  175.00  174.00  172.00  170.00  169.00  168.00  165.00  167.00  169.00  169.00  169.00  168.00  168.00  162.00  156.00     
6_off  176.00  174.00  174.00  173.00  171.00  169.00  168.00  165.00  166.00  168.00  168.00  166.00  167.00  166.00  161.00  156.00     
5_off  173.00  171.00  171.00  170.00  169.00  168.00  169.00  166.00  166.00  167.00  168.00  168.00  165.00  164.00  162.00  159.00     
4_off  173.00  173.00  173.00  172.00  171.00  170.00  167.00  168.00  167.00  165.00  166.00  166.00  166.00  165.00  161.00  159.00     
3_off  173.00  172.00  171.00  172.00  172.00  169.00  168.00  168.00  166.00  166.00  165.00  165.00  164.00  164.00  162.00  159.00     
2_off  173.00  172.00  171.00  169.00  169.00  169.00  168.00  167.00  167.00  166.00  166.00  165.00  165.00  166.00  165.00  159.00     
                                                                                                                                          
Band A Ez Auto Magnitude                                                                                                                  
          0       1       2       3       4       5       6       7       8       9      10      11      12      13      14      15       
      ------- ------- ------- ------- ------- ------- ------- ------- ------- ------- ------- ------- ------- ------- ------- -------     
5_on   177.00  176.00  176.00  173.00  171.00  169.00  170.00  168.00  168.00  165.00  164.00  165.00  164.00  163.00  162.00  159.00     
4_on   177.00  177.00  175.00  172.00  171.00  171.00  168.00  168.00  166.00  165.00  165.00  164.00  163.00  164.00  162.00  159.00     
3_on   176.00  175.00  174.00  172.00  171.00  171.00  169.00  168.00  167.00  166.00  166.00  165.00  165.00  166.00  164.00  159.00     
2_on   176.00  174.00  174.00  172.00  170.00  170.00  168.00  166.00  165.00  165.00  165.00  165.00  165.00  164.00  162.00  158.00     
1_on   176.00  176.00  174.00  172.00  170.00  172.00  169.00  166.00  166.00  164.00  163.00  163.00  163.00  164.00  163.00  160.00     
0_on   177.00  175.00  175.00  171.00  172.00  170.00  168.00  168.00  167.00  164.00  164.00  164.00  163.00  164.00  161.00  158.00     
7_off  178.00  176.00  173.00  170.00  170.00  171.00  169.00  169.00  167.00  164.00  162.00  163.00  161.00  161.00  163.00  161.00     
6_off  178.00  177.00  172.00  171.00  171.00  170.00  169.00  168.00  166.00  164.00  163.00  164.00  163.00  163.00  163.00  160.00     
5_off  176.00  175.00  172.00  171.00  170.00  169.00  171.00  168.00  166.00  164.00  164.00  165.00  163.00  161.00  162.00  160.00     
4_off  177.00  176.00  176.00  173.00  173.00  171.00  168.00  168.00  167.00  165.00  165.00  164.00  164.00  163.00  161.00  158.00     
3_off  176.00  176.00  174.00  174.00  174.00  170.00  169.00  168.00  166.00  166.00  165.00  165.00  163.00  163.00  161.00  157.00     
2_off  177.00  175.00  174.00  171.00  170.00  171.00  168.00  168.00  167.00  166.00  165.00  164.00  164.00  164.00  163.00  157.00     
                                                                                                                                          
Band A EuEw Cross Magnitude                                                                                                               
          0       1       2       3       4       5       6       7       8       9      10      11      12      13      14      15       
      ------- ------- ------- ------- ------- ------- ------- ------- ------- ------- ------- ------- ------- ------- ------- -------     
5_on   176.00  176.00  174.00  173.00  171.00  170.00  169.00  167.00  167.00  166.00  166.00  165.00  163.00  164.00  162.00  158.00     
4_on   176.00  176.00  174.00  173.00  171.00  169.00  169.00  167.00  168.00  166.00  164.00  164.00  164.00  162.00  162.00  158.00     
3_on   176.00  178.00  176.00  172.00  171.00  170.00  168.00  166.00  167.00  166.00  165.00  163.00  164.00  161.00  161.00  157.00     
2_on   177.00  177.00  173.00  172.00  171.00  170.00  168.00  166.00  166.00  165.00  166.00  164.00  164.00  164.00  162.00  158.00     
1_on   177.00  174.00  174.00  172.00  170.00  169.00  169.00  168.00  166.00  165.00  164.00  163.00  163.00  163.00  163.00  158.00     
0_on   178.00  176.00  174.00  172.00  169.00  168.00  167.00  167.00  167.00  164.00  163.00  164.00  163.00  163.00  162.00  156.00     
7_off  179.00  176.00  175.00  171.00  171.00  169.00  169.00  169.00  167.00  164.00  162.00  164.00  162.00  162.00  164.00  161.00     
6_off  177.00  175.00  171.00  170.00  170.00  169.00  169.00  168.00  167.00  164.00  163.00  162.00  163.00  162.00  163.00  160.00     
5_off  176.00  175.00  172.00  171.00  171.00  170.00  171.00  168.00  167.00  164.00  165.00  164.00  163.00  162.00  161.00  160.00     
4_off  177.00  175.00  173.00  174.00  171.00  171.00  170.00  168.00  164.00  164.00  165.00  164.00  164.00  165.00  162.00  158.00     
3_off  176.00  176.00  173.00  171.00  171.00  168.00  169.00  168.00  168.00  168.00  165.00  164.00  164.00  164.00  164.00  159.00     
2_off  177.00  176.00  173.00  172.00  171.00  169.00  168.00  166.00  165.00  164.00  165.00  167.00  165.00  163.00  162.00  157.00     
                                                                                                                                          
Band A EuEw Cross Phase                                                                                                                   
          0       1       2       3       4       5       6       7       8       9      10      11      12      13      14      15       
      ------- ------- ------- ------- ------- ------- ------- ------- ------- ------- ------- ------- ------- ------- ------- -------     
5_on     1.12    1.01    0.77    0.62    0.33    0.22    0.19    0.01   -0.01   -0.21   -0.22   -0.03    0.41    1.19    2.51    3.83     
4_on     1.12    0.90    0.83    0.62    0.41    0.27    0.16    0.02   -0.03   -0.14   -0.10    0.06    0.41    1.25    2.68    3.83     
3_on     1.01    0.98    0.90    0.75    0.41    0.25    0.03   -0.03   -0.05   -0.19   -0.28    0.02    0.34    1.19    2.58    3.85     
2_on     1.59    1.09    0.76    0.60    0.57    0.54    0.28   -0.09   -0.13   -0.06    0.10    0.22    0.75    1.64    2.86    4.09     
1_on     1.39    1.92    1.66    1.64    1.07    0.40   -0.09    0.08    0.03    0.05    0.21    0.24    0.45    1.63    2.93    4.09     
0_on     1.34    1.23    1.15    0.60    0.50    1.01    0.48   -0.16   -0.07   -0.82   -0.73    0.21    0.90    0.98    2.15    4.47     
7_off    1.95    1.79    1.55    1.30    1.30    0.80    0.60    0.37    0.18    0.04    0.02    0.15    0.36    1.25    2.24    3.18     
6_off    1.19    0.95    0.90    0.63    0.49    0.27    0.06   -0.10   -0.13   -0.15   -0.14   -0.18    0.16    0.98    2.28    3.58     
5_off    0.17    0.02    0.09   -0.05   -0.28   -0.45   -0.53   -0.56   -0.54   -0.52   -0.55   -0.37    0.03    0.81    1.99    3.35     
4_off    0.16    0.00   -0.07   -0.14   -0.33   -0.45   -0.49   -0.50   -0.60   -0.67   -0.69   -0.41   -0.02    0.83    2.15    3.32     
3_off    0.20    0.14    0.00   -0.14   -0.24   -0.28   -0.40   -0.50   -0.56   -0.67   -0.55   -0.41    0.06    0.97    2.09    3.34     
2_off    0.19    0.00    0.01   -0.05   -0.24   -0.40   -0.42   -0.51   -0.55   -0.52   -0.55   -0.39    0.10    0.90    2.15    3.58     
                                                                                                                                          
Band A EvEz Cross Magnitude                                                                                                               
          0       1       2       3       4       5       6       7       8       9      10      11      12      13      14      15       
      ------- ------- ------- ------- ------- ------- ------- ------- ------- ------- ------- ------- ------- ------- ------- -------     
5_on   175.00  175.00  175.00  171.00  170.00  169.00  169.00  168.00  168.00  166.00  165.00  166.00  165.00  164.00  162.00  159.00     
4_on   175.00  176.00  173.00  171.00  170.00  170.00  168.00  168.00  166.00  165.00  165.00  165.00  164.00  165.00  163.00  160.00     
3_on   173.00  173.00  172.00  171.00  170.00  170.00  169.00  168.00  167.00  166.00  166.00  166.00  166.00  167.00  164.00  159.00     
2_on   174.00  172.00  172.00  171.00  169.00  169.00  168.00  165.00  165.00  165.00  165.00  166.00  166.00  165.00  163.00  159.00     
1_on   173.00  173.00  173.00  170.00  169.00  171.00  168.00  166.00  166.00  164.00  164.00  164.00  163.00  165.00  164.00  160.00     
0_on   174.00  173.00  173.00  170.00  171.00  169.00  168.00  167.00  166.00  164.00  164.00  164.00  163.00  164.00  162.00  159.00     
7_off  170.00  167.00  163.00  162.00  162.00  162.00  162.00  161.00  160.00  161.00  160.00  160.00  156.00  158.00  156.00  151.00     
6_off  174.00  170.00  168.00  168.00  167.00  165.00  164.00  162.00  161.00  161.00  161.00  161.00  161.00  161.00  159.00  154.00     
5_off  173.00  171.00  170.00  169.00  168.00  168.00  169.00  165.00  164.00  165.00  165.00  165.00  163.00  161.00  161.00  159.00     
4_off  175.00  174.00  174.00  172.00  172.00  170.00  167.00  168.00  167.00  164.00  165.00  165.00  165.00  164.00  161.00  159.00     
3_off  174.00  174.00  172.00  173.00  172.00  170.00  169.00  168.00  166.00  166.00  165.00  165.00  164.00  163.00  162.00  158.00     
2_off  175.00  173.00  172.00  169.00  169.00  170.00  168.00  167.00  167.00  166.00  165.00  165.00  164.00  165.00  164.00  158.00     
                                                                                                                                          
Band A EvEz Cross Phase                                                                                                                   
          0       1       2       3       4       5       6       7       8       9      10      11      12      13      14      15       
      ------- ------- ------- ------- ------- ------- ------- ------- ------- ------- ------- ------- ------- ------- ------- -------     
5_on   163.30  165.07  165.07  165.96  167.32  169.00  169.77  171.12  172.00  173.38  174.51  175.41  176.97  179.25 -178.21 -176.19     
4_on   163.30  164.29  164.93  165.96  167.32  168.69  170.25  171.12  171.87  172.87  173.96  175.60  177.61  179.38 -178.37 -175.98     
3_on   162.90  163.91  164.85  167.20  168.69  169.38  169.77  171.12  172.41  173.38  174.39  175.91  177.44  179.34 -178.36 -175.71     
2_on   162.18  163.74  165.96  167.20  168.23  169.00  170.25  171.25  171.79  173.42  174.51  175.91  177.44  179.24 -178.37 -176.19     
1_on   158.96  160.91  167.01  168.69  172.09  170.96  169.38  170.87  172.37  174.05  174.64  175.53  177.07  179.52 -178.36 -175.53     
0_on   155.22  162.90  167.01  170.07  170.96  170.54  170.25  170.54  170.87  172.87  175.24  176.13  177.72  179.44 -178.57 -176.19     
7_off  148.57  159.86  167.20  167.32  176.07  175.71  175.35  167.47  153.43  150.64  162.65  170.25 -176.13 -172.87 -172.87  165.96     
6_off  155.22  155.77  159.44  169.38  167.77  169.11  177.32  160.71  156.04  157.38  161.57  173.66  172.87 -177.81 -174.76  167.32     
5_off  162.90  164.74  165.96  167.47  169.38  173.32  173.66  171.25  168.23  169.11  171.79  173.96  176.10 -177.22 -177.02  179.61     
4_off  165.07  165.00  165.96  167.09  169.38  170.07  170.54  171.12  171.47  171.12  173.42  175.05  176.97  179.63 -178.71 -178.09     
3_off  162.18  164.05  164.85  165.96  165.96  167.32  169.00  170.25  171.87  172.87  173.96  175.60  176.72  178.37 -179.10 -176.17     
2_off  163.30  163.91  164.85  164.48  165.96  168.69  168.52  169.61  171.47  172.87  173.96  175.60  177.02  178.76 -178.81 -176.17     
                                                                                                                                          
Band B AGC                                                                                                                                
       5_on    4_on    3_on    2_on    1_on    0_on    7_off   6_off   5_off   4_off   3_off   2_off                                      
      ------- ------- ------- ------- ------- ------- ------- ------- ------- ------- ------- -------                                     
Eu     128.00  106.00   84.00   62.00   39.00    0.00  212.00  203.00  191.00  172.00  152.00  132.00                                     
Ev     139.00  118.00   96.00   74.00   52.00   18.00  221.00  209.00  199.00  183.00  163.00  143.00                                     
Ew     129.00  108.00   86.00   64.00   44.00    0.00  212.00  203.00  192.00  173.00  153.00  133.00                                     
Ez     130.00  108.00   87.00   65.00   44.00    1.00  213.00  203.00  193.00  174.00  153.00  133.00                                     
                                                                                                                                          
Band B Eu Auto Magnitude                                                                                                                  
          0       1       2       3       4       5       6       7       8       9      10      11      12      13      14      15       
      ------- ------- ------- ------- ------- ------- ------- ------- ------- ------- ------- ------- ------- ------- ------- -------     
5_on   178.00  178.00  178.00  178.00  177.00  177.00  174.00  172.00  170.00  168.00  166.00  162.00  160.00  157.00  154.00  148.00     
4_on   178.00  178.00  179.00  178.00  177.00  177.00  175.00  172.00  169.00  168.00  165.00  163.00  161.00  157.00  153.00  148.00     
3_on   177.00  178.00  178.00  178.00  177.00  176.00  175.00  172.00  170.00  167.00  165.00  164.00  160.00  156.00  154.00  147.00     
2_on   177.00  178.00  177.00  177.00  177.00  176.00  173.00  171.00  169.00  168.00  166.00  165.00  162.00  158.00  154.00  149.00     
1_on   174.00  176.00  176.00  175.00  174.00  173.00  171.00  170.00  169.00  169.00  169.00  168.00  165.00  160.00  154.00  147.00     
0_on   178.00  180.00  178.00  178.00  177.00  176.00  173.00  170.00  168.00  166.00  162.00  159.00  156.00  154.00  152.00  149.00     
7_off  179.00  181.00  181.00  180.00  177.00  175.00  174.00  172.00  174.00  170.00  166.00  162.00  161.00  160.00  153.00  148.00     
6_off  178.00  178.00  179.00  179.00  176.00  174.00  174.00  171.00  171.00  169.00  166.00  162.00  161.00  158.00  154.00  149.00     
5_off  176.00  178.00  179.00  178.00  176.00  176.00  174.00  172.00  171.00  168.00  165.00  162.00  160.00  158.00  154.00  149.00     
4_off  176.00  178.00  179.00  178.00  177.00  176.00  175.00  172.00  170.00  168.00  166.00  163.00  160.00  158.00  153.00  149.00     
3_off  177.00  178.00  179.00  179.00  178.00  176.00  175.00  173.00  171.00  169.00  166.00  162.00  159.00  156.00  153.00  147.00     
2_off  177.00  178.00  178.00  178.00  177.00  176.00  174.00  173.00  170.00  169.00  167.00  164.00  161.00  157.00  153.00  147.00     
                                                                                                                                          
Band B Ew Auto Magnitude                                                                                                                  
          0       1       2       3       4       5       6       7       8       9      10      11      12      13      14      15       
      ------- ------- ------- ------- ------- ------- ------- ------- ------- ------- ------- ------- ------- ------- ------- -------     
5_on   177.00  178.00  178.00  178.00  177.00  177.00  174.00  172.00  169.00  168.00  165.00  162.00  160.00  157.00  155.00  149.00     
4_on   177.00  178.00  179.00  178.00  177.00  177.00  175.00  172.00  169.00  168.00  165.00  163.00  161.00  157.00  153.00  148.00     
3_on   177.00  178.00  178.00  178.00  177.00  176.00  175.00  172.00  170.00  167.00  165.00  164.00  160.00  156.00  154.00  147.00     
2_on   176.00  177.00  177.00  176.00  177.00  175.00  172.00  171.00  169.00  168.00  167.00  165.00  163.00  159.00  154.00  149.00     
1_on   172.00  173.00  175.00  173.00  172.00  171.00  170.00  169.00  169.00  169.00  169.00  169.00  167.00  161.00  155.00  148.00     
0_on   178.00  181.00  180.00  179.00  179.00  177.00  174.00  171.00  169.00  167.00  162.00  158.00  155.00  154.00  152.00  150.00     
7_off  179.00  181.00  181.00  180.00  177.00  175.00  174.00  172.00  174.00  170.00  166.00  162.00  161.00  160.00  153.00  148.00     
6_off  177.00  178.00  179.00  179.00  176.00  174.00  174.00  171.00  171.00  169.00  166.00  162.00  161.00  158.00  154.00  150.00     
5_off  176.00  178.00  179.00  178.00  176.00  176.00  174.00  172.00  171.00  168.00  165.00  162.00  160.00  158.00  154.00  150.00     
4_off  176.00  178.00  178.00  178.00  177.00  176.00  175.00  172.00  170.00  168.00  166.00  163.00  160.00  158.00  153.00  149.00     
3_off  177.00  178.00  179.00  179.00  178.00  176.00  175.00  173.00  171.00  169.00  166.00  162.00  159.00  156.00  153.00  147.00     
2_off  177.00  178.00  178.00  178.00  177.00  176.00  174.00  173.00  170.00  168.00  167.00  164.00  161.00  157.00  153.00  148.00     
                                                                                                                                          
Band B Ev Auto Magnitude                                                                                                                  
          0       1       2       3       4       5       6       7       8       9      10      11      12      13      14      15       
      ------- ------- ------- ------- ------- ------- ------- ------- ------- ------- ------- ------- ------- ------- ------- -------     
5_on   179.00  181.00  182.00  180.00  179.00  177.00  176.00  174.00  171.00  169.00  164.00  161.00  158.00  154.00  152.00  144.00     
4_on   179.00  181.00  181.00  180.00  179.00  176.00  175.00  172.00  170.00  167.00  165.00  161.00  159.00  155.00  150.00  145.00     
3_on   179.00  182.00  181.00  181.00  179.00  178.00  176.00  172.00  171.00  169.00  166.00  162.00  159.00  154.00  150.00  144.00     
2_on   178.00  180.00  180.00  180.00  178.00  176.00  174.00  171.00  169.00  168.00  165.00  164.00  161.00  156.00  152.00  145.00     
1_on   176.00  178.00  179.00  178.00  176.00  173.00  173.00  171.00  170.00  168.00  168.00  166.00  162.00  158.00  152.00  145.00     
0_on   182.00  182.00  181.00  180.00  180.00  177.00  174.00  172.00  170.00  167.00  163.00  160.00  156.00  154.00  151.00  144.00     
7_off  183.00  184.00  184.00  180.00  182.00  180.00  175.00  176.00  170.00  169.00  167.00  164.00  160.00  156.00  153.00  145.00     
6_off  181.00  182.00  180.00  179.00  181.00  180.00  176.00  174.00  170.00  168.00  166.00  163.00  159.00  156.00  153.00  148.00     
5_off  178.00  180.00  179.00  178.00  178.00  177.00  176.00  173.00  169.00  168.00  164.00  163.00  160.00  156.00  153.00  148.00     
4_off  180.00  180.00  180.00  180.00  179.00  177.00  176.00  174.00  171.00  169.00  165.00  160.00  158.00  155.00  150.00  144.00     
3_off  179.00  181.00  181.00  180.00  178.00  177.00  175.00  172.00  171.00  168.00  165.00  162.00  158.00  154.00  151.00  144.00     
2_off  178.00  180.00  180.00  180.00  178.00  177.00  175.00  172.00  170.00  168.00  165.00  163.00  160.00  155.00  151.00  144.00     
                                                                                                                                          
Band B Ez Auto Magnitude                                                                                                                  
          0       1       2       3       4       5       6       7       8       9      10      11      12      13      14      15       
      ------- ------- ------- ------- ------- ------- ------- ------- ------- ------- ------- ------- ------- ------- ------- -------     
5_on   177.00  179.00  180.00  179.00  178.00  176.00  175.00  173.00  171.00  169.00  165.00  162.00  160.00  156.00  154.00  148.00     
4_on   177.00  179.00  179.00  178.00  177.00  175.00  174.00  172.00  169.00  167.00  165.00  162.00  160.00  157.00  153.00  148.00     
3_on   178.00  180.00  179.00  179.00  177.00  177.00  175.00  171.00  170.00  168.00  166.00  162.00  160.00  156.00  153.00  147.00     
2_on   176.00  177.00  177.00  178.00  176.00  174.00  172.00  170.00  169.00  168.00  167.00  167.00  163.00  160.00  155.00  148.00     
1_on   172.00  174.00  175.00  174.00  171.00  170.00  170.00  169.00  169.00  168.00  169.00  169.00  166.00  162.00  155.00  148.00     
0_on   181.00  181.00  180.00  180.00  180.00  177.00  175.00  173.00  170.00  167.00  162.00  160.00  156.00  155.00  153.00  148.00     
7_off  181.00  181.00  184.00  181.00  178.00  175.00  175.00  171.00  172.00  170.00  168.00  162.00  161.00  160.00  153.00  148.00     
6_off  178.00  179.00  181.00  180.00  177.00  176.00  173.00  170.00  170.00  168.00  166.00  161.00  160.00  160.00  154.00  149.00     
5_off  177.00  178.00  179.00  178.00  177.00  176.00  175.00  171.00  169.00  169.00  164.00  162.00  161.00  158.00  153.00  149.00     
4_off  178.00  179.00  179.00  179.00  177.00  176.00  175.00  173.00  171.00  169.00  165.00  161.00  160.00  157.00  153.00  147.00     
3_off  177.00  179.00  179.00  178.00  177.00  177.00  174.00  172.00  170.00  168.00  166.00  163.00  160.00  157.00  153.00  147.00     
2_off  177.00  178.00  178.00  178.00  177.00  176.00  173.00  172.00  170.00  168.00  166.00  164.00  161.00  158.00  153.00  147.00     
                                                                                                                                          
Band B EuEw Cross Magnitude                                                                                                               
          0       1       2       3       4       5       6       7       8       9      10      11      12      13      14      15       
      ------- ------- ------- ------- ------- ------- ------- ------- ------- ------- ------- ------- ------- ------- ------- -------     
5_on   177.00  178.00  178.00  178.00  177.00  177.00  174.00  172.00  169.00  168.00  166.00  162.00  160.00  157.00  155.00  149.00     
4_on   177.00  178.00  179.00  178.00  177.00  177.00  175.00  172.00  169.00  168.00  165.00  163.00  161.00  157.00  153.00  148.00     
3_on   177.00  178.00  178.00  178.00  177.00  176.00  175.00  172.00  170.00  167.00  165.00  164.00  160.00  156.00  154.00  147.00     
2_on   177.00  177.00  177.00  177.00  177.00  176.00  172.00  171.00  169.00  168.00  166.00  165.00  163.00  158.00  154.00  149.00     
1_on   173.00  174.00  176.00  174.00  173.00  172.00  170.00  169.00  169.00  169.00  169.00  169.00  166.00  160.00  154.00  147.00     
0_on   178.00  180.00  179.00  178.00  178.00  176.00  174.00  170.00  168.00  166.00  162.00  158.00  155.00  154.00  152.00  149.00     
7_off  179.00  181.00  181.00  180.00  177.00  175.00  174.00  172.00  174.00  170.00  166.00  162.00  161.00  160.00  153.00  148.00     
6_off  178.00  178.00  179.00  179.00  176.00  174.00  174.00  171.00  171.00  169.00  166.00  162.00  161.00  158.00  154.00  149.00     
5_off  176.00  178.00  179.00  178.00  176.00  176.00  174.00  172.00  171.00  168.00  165.00  162.00  160.00  158.00  154.00  150.00     
4_off  176.00  178.00  178.00  178.00  177.00  176.00  175.00  172.00  170.00  168.00  166.00  163.00  160.00  158.00  153.00  149.00     
3_off  177.00  178.00  179.00  179.00  178.00  176.00  175.00  173.00  171.00  169.00  166.00  162.00  159.00  156.00  153.00  147.00     
2_off  177.00  178.00  178.00  178.00  177.00  176.00  174.00  173.00  170.00  168.00  167.00  164.00  161.00  157.00  153.00  147.00     
                                                                                                                                          
Band B EuEw Cross Phase                                                                                                                   
          0       1       2       3       4       5       6       7       8       9      10      11      12      13      14      15       
      ------- ------- ------- ------- ------- ------- ------- ------- ------- ------- ------- ------- ------- ------- ------- -------     
5_on     1.59    1.43    1.43    1.34    1.29    1.39    1.53    1.49    1.79    2.01    2.05    2.51    3.13    3.58    4.22    4.40     
4_on     1.49    1.43    1.46    1.43    1.39    1.49    1.43    1.49    1.99    2.24    2.48    2.60    3.18    3.58    4.37    4.76     
3_on     1.49    1.61    1.43    1.34    1.49    1.57    1.55    1.64    1.79    1.91    2.20    2.39    3.13    3.58    3.93    4.87     
2_on     2.19    2.98    2.58    2.39    2.58    2.91    3.28    3.25    3.97    4.47    4.59    3.85    2.60    2.05    2.15    3.03     
1_on     3.58    4.09    4.47    4.09    4.40    4.76    5.36    6.34    5.95    6.34    6.34    5.16    3.58    1.57    0.90    1.22     
0_on     1.79    2.09    2.12    1.07    0.81    0.62    0.51   -0.07   -0.73   -0.13   -0.16   -0.24    5.19    7.13    8.00    8.21     
7_off    1.79    1.79    1.65    1.64    1.59    1.67    1.79    1.94    2.05    2.33    2.30    2.86    3.18    4.02    4.76    5.36     
6_off    1.61    1.61    1.46    1.46    1.45    1.53    1.66    1.79    1.95    2.19    2.30    2.86    3.18    3.58    3.93    4.95     
5_off    1.34    1.34    1.30    1.25    1.34    1.34    1.53    1.64    1.79    2.24    2.20    2.68    2.91    3.32    4.29    4.59     
4_off    1.34    1.34    1.43    1.34    1.29    1.34    1.43    1.49    1.79    2.01    2.05    2.60    3.13    3.32    3.97    4.40     
3_off    1.29    1.43    1.30    1.22    1.25    1.34    1.43    1.51    1.79    1.99    2.30    2.68    2.86    3.58    4.37    4.55     
2_off    1.29    1.34    1.43    1.34    1.29    1.34    1.53    1.51    1.79    2.24    2.39    2.68    3.18    3.58    3.97    4.87     
                                                                                                                                          
Band B EvEz Cross Magnitude                                                                                                               
          0       1       2       3       4       5       6       7       8       9      10      11      12      13      14      15       
      ------- ------- ------- ------- ------- ------- ------- ------- ------- ------- ------- ------- ------- ------- ------- -------     
5_on   178.00  180.00  181.00  180.00  178.00  176.00  175.00  173.00  171.00  168.00  164.00  161.00  158.00  154.00  152.00  145.00     
4_on   178.00  181.00  180.00  179.00  178.00  176.00  174.00  172.00  169.00  167.00  164.00  161.00  159.00  155.00  151.00  145.00     
3_on   179.00  181.00  180.00  180.00  178.00  177.00  175.00  172.00  170.00  168.00  165.00  162.00  159.00  154.00  151.00  145.00     
2_on   177.00  178.00  178.00  179.00  177.00  175.00  173.00  170.00  169.00  168.00  165.00  165.00  162.00  157.00  153.00  146.00     
1_on   174.00  176.00  177.00  176.00  173.00  171.00  171.00  170.00  169.00  168.00  168.00  167.00  164.00  160.00  153.00  146.00     
0_on   181.00  182.00  180.00  180.00  179.00  177.00  174.00  172.00  170.00  167.00  162.00  159.00  155.00  153.00  152.00  145.00     
7_off  175.00  176.00  176.00  172.00  171.00  168.00  166.00  164.00  161.00  159.00  154.00  149.00  144.00  140.00  132.00  120.00     
6_off  176.00  177.00  177.00  176.00  176.00  175.00  170.00  168.00  165.00  162.00  160.00  156.00  152.00  152.00  146.00  141.00     
5_off  177.00  179.00  178.00  178.00  177.00  176.00  175.00  172.00  168.00  168.00  163.00  162.00  160.00  156.00  152.00  147.00     
4_off  179.00  179.00  180.00  179.00  178.00  177.00  175.00  173.00  171.00  168.00  164.00  160.00  159.00  155.00  151.00  145.00     
3_off  178.00  180.00  180.00  179.00  177.00  177.00  174.00  172.00  170.00  168.00  165.00  162.00  158.00  155.00  152.00  145.00     
2_off  178.00  179.00  179.00  179.00  178.00  176.00  174.00  172.00  170.00  168.00  165.00  163.00  160.00  156.00  152.00  145.00     
                                                                                                                                          
Band B EvEz Cross Phase                                                                                                                   
          0       1       2       3       4       5       6       7       8       9      10      11      12      13      14      15       
      ------- ------- ------- ------- ------- ------- ------- ------- ------- ------- ------- ------- ------- ------- ------- -------     
5_on  -177.49 -176.42 -175.60 -174.64 -172.87 -172.00 -171.47 -170.18 -168.44 -165.96 -165.96 -164.48 -164.05 -160.71 -159.44 -158.75     
4_on  -177.32 -176.70 -175.24 -174.16 -172.87 -172.00 -170.87 -169.38 -167.47 -166.87 -164.85 -164.48 -163.30 -161.18 -159.86 -158.75     
3_on  -177.88 -176.70 -175.24 -174.64 -172.87 -171.31 -170.54 -169.38 -167.32 -165.96 -164.93 -164.62 -163.30 -160.71 -161.57 -158.75     
2_on  -176.82 -175.00 -173.58 -172.87 -172.09 -169.61 -169.11 -167.32 -165.96 -164.29 -162.90 -162.90 -163.30 -162.90 -163.01 -162.00     
1_on  -174.90 -173.32 -172.09 -170.25 -169.11 -167.20 -164.74 -163.30 -161.57 -159.44 -159.44 -159.86 -162.65 -164.29 -164.48 -164.62     
0_on  -179.38 -177.95 -175.83 -175.24 -174.81 -173.66 -172.87 -171.70 -171.47 -169.61 -169.38 -166.87 -160.02 -156.04 -156.57 -156.04     
7_off  171.47 -175.98 -154.89 -177.32 -176.75 -153.43 -172.87 -175.83 -158.75 -155.10 -133.15 -143.97 -153.43 -135.00 -151.39 -172.00     
6_off  172.87 -173.66 -163.01 -172.87 -170.25 -165.96 -170.07 -168.52 -162.90 -158.20 -154.89 -155.56 -165.96 -154.98 -155.77 -160.91     
5_off  178.41 -177.72 -174.64 -176.78 -176.03 -173.76 -176.42 -176.13 -174.64 -172.00 -170.33 -170.07 -172.00 -170.54 -168.52 -170.33     
4_off -178.54 -176.75 -175.24 -174.16 -174.29 -172.87 -172.41 -171.25 -169.70 -167.66 -167.09 -165.96 -165.96 -163.54 -163.30 -163.01     
3_off -177.49 -176.72 -175.83 -175.13 -173.66 -172.87 -170.87 -170.54 -168.69 -166.81 -165.96 -164.62 -164.05 -162.35 -162.65 -161.57     
2_off -177.67 -176.42 -175.45 -174.81 -173.58 -172.00 -170.87 -169.38 -168.69 -166.81 -165.96 -163.54 -162.65 -162.65 -161.03 -160.14     
                                                                                                                                          
Band C AGC                                                                                                                                
       5_on    4_on    3_on    2_on    1_on    0_on    7_off   6_off   5_off   4_off   3_off   2_off                                      
      ------- ------- ------- ------- ------- ------- ------- ------- ------- ------- ------- -------                                     
Eu      65.00   40.00   12.00    0.00    0.00    0.00  167.00  151.00  131.00  111.00   90.00   71.00                                     
Ev      70.00   46.00   18.00    0.00    0.00    0.00  173.00  156.00  136.00  115.00   95.00   76.00                                     
Ew      66.00   42.00   14.00    0.00    0.00    0.00  167.00  152.00  132.00  112.00   92.00   73.00                                     
Ez      66.00   42.00   14.00    0.00    0.00    0.00  167.00  152.00  132.00  112.00   92.00   73.00                                     
                                                                                                                                          
Band C Eu Auto Magnitude                                                                                                                  
          0       1       2       3       4       5       6       7       8       9      10      11      12      13      14      15       
      ------- ------- ------- ------- ------- ------- ------- ------- ------- ------- ------- ------- ------- ------- ------- -------     
5_on   186.00  185.00  184.00  181.00  179.00  176.00  175.00  171.00  170.00  168.00  167.00  165.00  164.00  161.00  159.00  153.00     
4_on   187.00  185.00  184.00  181.00  178.00  177.00  174.00  171.00  169.00  168.00  165.00  164.00  163.00  163.00  160.00  154.00     
3_on   187.00  186.00  184.00  181.00  178.00  176.00  173.00  170.00  169.00  167.00  166.00  166.00  165.00  162.00  160.00  153.00     
2_on   177.00  176.00  170.00  167.00  163.00  162.00  159.00  156.00  153.00  152.00  150.00  149.00  147.00  146.00  143.00  137.00     
1_on   171.00  167.00  162.00  156.00  153.00  148.00  144.00  141.00  138.00  136.00  134.00  132.00  131.00  129.00  127.00  122.00     
0_on   170.00  165.00  160.00  155.00  150.00  145.00  140.00  137.00  133.00  131.00  129.00  128.00  127.00  125.00  122.00  116.00     
7_off  185.00  183.00  181.00  178.00  176.00  174.00  172.00  170.00  169.00  168.00  166.00  164.00  166.00  164.00  162.00  157.00     
6_off  185.00  185.00  183.00  181.00  178.00  176.00  172.00  171.00  169.00  169.00  167.00  163.00  163.00  162.00  160.00  154.00     
5_off  185.00  185.00  184.00  181.00  178.00  176.00  173.00  171.00  169.00  168.00  167.00  165.00  163.00  162.00  160.00  152.00     
4_off  187.00  186.00  184.00  181.00  179.00  177.00  173.00  171.00  170.00  168.00  166.00  165.00  164.00  162.00  159.00  153.00     
3_off  187.00  185.00  184.00  181.00  179.00  176.00  174.00  171.00  170.00  168.00  167.00  165.00  163.00  161.00  158.00  153.00     
2_off  191.00  188.00  186.00  183.00  178.00  176.00  172.00  169.00  167.00  164.00  162.00  162.00  161.00  159.00  155.00  150.00     
                                                                                                                                          
Band C Ew Auto Magnitude                                                                                                                  
          0       1       2       3       4       5       6       7       8       9      10      11      12      13      14      15       
      ------- ------- ------- ------- ------- ------- ------- ------- ------- ------- ------- ------- ------- ------- ------- -------     
5_on   186.00  185.00  184.00  181.00  179.00  176.00  175.00  172.00  170.00  169.00  168.00  166.00  164.00  161.00  159.00  153.00     
4_on   186.00  185.00  183.00  181.00  178.00  177.00  174.00  171.00  169.00  168.00  166.00  164.00  164.00  163.00  160.00  154.00     
3_on   186.00  185.00  184.00  181.00  178.00  177.00  173.00  170.00  169.00  168.00  167.00  166.00  165.00  162.00  160.00  153.00     
2_on   178.00  176.00  172.00  169.00  165.00  163.00  160.00  158.00  155.00  153.00  152.00  151.00  149.00  148.00  145.00  139.00     
1_on   172.00  168.00  164.00  159.00  155.00  151.00  147.00  144.00  140.00  138.00  136.00  134.00  133.00  131.00  129.00  123.00     
0_on   171.00  167.00  162.00  157.00  152.00  146.00  141.00  138.00  136.00  133.00  129.00  130.00  128.00  126.00  123.00  119.00     
7_off  184.00  182.00  180.00  178.00  176.00  174.00  172.00  170.00  169.00  168.00  166.00  165.00  166.00  165.00  162.00  157.00     
6_off  185.00  185.00  183.00  180.00  178.00  176.00  173.00  171.00  169.00  169.00  167.00  164.00  163.00  163.00  160.00  154.00     
5_off  185.00  185.00  184.00  181.00  178.00  176.00  174.00  171.00  170.00  168.00  168.00  165.00  163.00  162.00  160.00  152.00     
4_off  186.00  185.00  184.00  181.00  179.00  177.00  173.00  172.00  170.00  168.00  167.00  165.00  164.00  162.00  160.00  153.00     
3_off  186.00  185.00  184.00  181.00  179.00  176.00  175.00  172.00  170.00  168.00  167.00  166.00  164.00  162.00  159.00  153.00     
2_off  190.00  188.00  186.00  183.00  179.00  176.00  173.00  169.00  168.00  165.00  163.00  162.00  161.00  159.00  155.00  150.00     
                                                                                                                                          
Band C Ev Auto Magnitude                                                                                                                  
          0       1       2       3       4       5       6       7       8       9      10      11      12      13      14      15       
      ------- ------- ------- ------- ------- ------- ------- ------- ------- ------- ------- ------- ------- ------- ------- -------     
5_on   190.00  188.00  185.00  183.00  178.00  177.00  174.00  172.00  168.00  166.00  164.00  163.00  162.00  160.00  156.00  150.00     
4_on   191.00  188.00  185.00  183.00  179.00  176.00  173.00  171.00  169.00  166.00  164.00  162.00  161.00  160.00  156.00  149.00     
3_on   188.00  188.00  185.00  183.00  178.00  176.00  172.00  170.00  168.00  166.00  164.00  163.00  161.00  160.00  156.00  151.00     
2_on   185.00  182.00  177.00  173.00  169.00  166.00  163.00  160.00  158.00  155.00  153.00  153.00  152.00  149.00  145.00  139.00     
1_on   179.00  174.00  170.00  164.00  159.00  153.00  149.00  144.00  141.00  138.00  137.00  134.00  133.00  132.00  129.00  123.00     
0_on   179.00  174.00  168.00  162.00  156.00  151.00  145.00  140.00  137.00  135.00  132.00  130.00  129.00  127.00  123.00  118.00     
7_off  190.00  188.00  186.00  184.00  180.00  176.00  174.00  172.00  169.00  168.00  167.00  164.00  162.00  160.00  156.00  148.00     
6_off  190.00  188.00  185.00  183.00  178.00  176.00  174.00  171.00  169.00  166.00  165.00  162.00  161.00  160.00  155.00  150.00     
5_off  190.00  188.00  185.00  183.00  179.00  176.00  173.00  171.00  169.00  168.00  165.00  163.00  161.00  160.00  155.00  149.00     
4_off  190.00  188.00  184.00  182.00  179.00  176.00  172.00  170.00  169.00  166.00  165.00  163.00  162.00  160.00  156.00  150.00     
3_off  190.00  189.00  185.00  183.00  178.00  176.00  173.00  170.00  168.00  166.00  164.00  162.00  161.00  160.00  156.00  150.00     
2_off  193.00  190.00  186.00  181.00  179.00  175.00  171.00  168.00  166.00  163.00  161.00  159.00  157.00  155.00  152.00  145.00     
                                                                                                                                          
Band C Ez Auto Magnitude                                                                                                                  
          0       1       2       3       4       5       6       7       8       9      10      11      12      13      14      15       
      ------- ------- ------- ------- ------- ------- ------- ------- ------- ------- ------- ------- ------- ------- ------- -------     
5_on   186.00  185.00  184.00  181.00  178.00  177.00  175.00  173.00  170.00  168.00  166.00  165.00  164.00  162.00  159.00  153.00     
4_on   186.00  185.00  184.00  182.00  178.00  176.00  174.00  172.00  170.00  168.00  166.00  164.00  164.00  163.00  159.00  152.00     
3_on   185.00  185.00  184.00  181.00  178.00  176.00  173.00  171.00  169.00  168.00  166.00  166.00  164.00  162.00  160.00  153.00     
2_on   177.00  175.00  172.00  168.00  165.00  162.00  160.00  157.00  156.00  153.00  152.00  151.00  150.00  147.00  145.00  139.00     
1_on   171.00  168.00  164.00  160.00  155.00  150.00  146.00  142.00  139.00  137.00  136.00  134.00  134.00  132.00  128.00  123.00     
0_on   171.00  167.00  163.00  157.00  152.00  147.00  143.00  138.00  136.00  133.00  131.00  129.00  128.00  127.00  124.00  119.00     
7_off  184.00  184.00  181.00  179.00  177.00  174.00  172.00  171.00  169.00  168.00  167.00  166.00  165.00  164.00  162.00  157.00     
6_off  185.00  185.00  182.00  180.00  177.00  176.00  174.00  172.00  170.00  168.00  167.00  165.00  164.00  162.00  161.00  154.00     
5_off  186.00  185.00  183.00  181.00  179.00  176.00  174.00  171.00  170.00  169.00  167.00  165.00  164.00  162.00  159.00  153.00     
4_off  186.00  185.00  182.00  180.00  178.00  176.00  173.00  171.00  170.00  168.00  167.00  166.00  164.00  162.00  159.00  153.00     
3_off  186.00  186.00  184.00  182.00  178.00  176.00  174.00  171.00  170.00  168.00  167.00  165.00  163.00  162.00  159.00  153.00     
2_off  190.00  188.00  185.00  181.00  179.00  176.00  173.00  169.00  168.00  167.00  163.00  162.00  161.00  159.00  155.00  149.00     
                                                                                                                                          
Band C EuEw Cross Magnitude                                                                                                               
          0       1       2       3       4       5       6       7       8       9      10      11      12      13      14      15       
      ------- ------- ------- ------- ------- ------- ------- ------- ------- ------- ------- ------- ------- ------- ------- -------     
5_on   186.00  185.00  184.00  181.00  179.00  176.00  175.00  172.00  170.00  169.00  167.00  166.00  164.00  161.00  159.00  153.00     
4_on   187.00  185.00  183.00  181.00  178.00  177.00  174.00  171.00  169.00  168.00  165.00  164.00  163.00  163.00  160.00  154.00     
3_on   187.00  185.00  184.00  181.00  178.00  176.00  172.00  170.00  169.00  167.00  166.00  166.00  165.00  162.00  160.00  153.00     
2_on   177.00  176.00  171.00  168.00  163.00  162.00  159.00  156.00  153.00  152.00  149.00  148.00  147.00  145.00  142.00  136.00     
1_on   171.00  167.00  162.00  157.00  153.00  148.00  144.00  139.00  136.00  133.00  129.00  128.00  126.00  122.00  120.00  112.00     
0_on   170.00  165.00  160.00  155.00  149.00  144.00  138.00  134.00  129.00  125.00  120.00  119.00  115.00  110.00  104.00   97.00     
7_off  184.00  182.00  180.00  178.00  176.00  174.00  172.00  170.00  169.00  168.00  166.00  165.00  166.00  164.00  162.00  157.00     
6_off  185.00  185.00  183.00  181.00  178.00  176.00  173.00  171.00  169.00  169.00  167.00  164.00  163.00  163.00  160.00  154.00     
5_off  185.00  185.00  184.00  181.00  178.00  176.00  173.00  171.00  169.00  168.00  168.00  165.00  163.00  162.00  160.00  152.00     
4_off  186.00  186.00  184.00  181.00  179.00  177.00  173.00  171.00  170.00  168.00  167.00  165.00  164.00  162.00  159.00  153.00     
3_off  187.00  185.00  184.00  181.00  179.00  176.00  175.00  171.00  170.00  168.00  167.00  166.00  163.00  161.00  159.00  153.00     
2_off  191.00  188.00  186.00  183.00  178.00  176.00  172.00  169.00  167.00  165.00  162.00  162.00  161.00  159.00  155.00  150.00     
                                                                                                                                          
Band C EuEw Cross Phase                                                                                                                   
          0       1       2       3       4       5       6       7       8       9      10      11      12      13      14      15       
      ------- ------- ------- ------- ------- ------- ------- ------- ------- ------- ------- ------- ------- ------- ------- -------     
5_on     2.86    2.58    2.24    2.20    2.28    2.24    1.91    1.79    1.61    1.19    1.07    0.90    0.67    0.70    0.54    0.75     
4_on     2.60    2.78    2.62    2.48    2.33    2.19    1.79    1.63    1.49    1.12    1.10    0.82    0.73    0.41    0.50    0.67     
3_on     2.93    3.18    2.91    2.20    2.15    2.01    1.79    1.61    1.79    1.67    1.79    1.53    0.69    0.63    0.78    0.37     
2_on     5.16    4.91    4.55    4.02    4.22    3.58    1.31    1.49    0.99    1.79   -0.26    1.94    0.65    1.49    1.92    0.21     
1_on     5.19    6.18    5.36    5.49    6.34    5.95    5.80    3.58    1.79    4.40    4.76    2.91    2.05    3.58   -0.84   -2.46     
0_on     6.42    6.58    8.00    6.48    7.67    5.36    5.71   10.12    7.91    3.85    9.75   14.04   11.56   -3.07   12.34   -7.91     
7_off    3.13    3.07    2.98    2.86    2.91    2.56    2.39    2.33    1.99    2.01    1.79    1.65    1.53    1.49    1.61    1.65     
6_off    2.98    2.78    2.62    2.48    2.68    2.46    2.20    2.12    1.99    1.79    1.55    1.34    1.30    1.22    1.34    1.34     
5_off    2.78    2.78    2.46    2.48    2.51    2.24    2.20    1.95    1.79    1.57    1.34    1.24    1.06    1.07    1.12    1.12     
4_off    2.86    2.68    2.46    2.48    2.28    2.19    2.07    1.95    1.61    1.45    1.19    1.10    1.04    0.90    0.95    0.99     
3_off    2.60    2.78    2.46    2.48    2.28    2.46    1.91    1.95    1.61    1.57    1.19    1.02    1.06    0.99    0.78    0.99     
2_off    3.10    2.68    2.68    2.62    2.86    2.68    2.39    2.19    1.91    1.51    1.25    1.16    0.99    0.95    0.90    0.96     
                                                                                                                                          
Band C EvEz Cross Magnitude                                                                                                               
          0       1       2       3       4       5       6       7       8       9      10      11      12      13      14      15       
      ------- ------- ------- ------- ------- ------- ------- ------- ------- ------- ------- ------- ------- ------- ------- -------     
5_on   187.00  186.00  184.00  181.00  178.00  176.00  174.00  172.00  169.00  167.00  165.00  164.00  163.00  161.00  158.00  152.00     
4_on   188.00  186.00  184.00  182.00  178.00  176.00  173.00  171.00  170.00  167.00  165.00  162.00  162.00  162.00  158.00  151.00     
3_on   186.00  186.00  184.00  181.00  178.00  176.00  172.00  170.00  168.00  167.00  165.00  164.00  162.00  160.00  157.00  152.00     
2_on   180.00  177.00  174.00  170.00  166.00  163.00  161.00  158.00  156.00  153.00  151.00  151.00  149.00  147.00  144.00  137.00     
1_on   175.00  170.00  167.00  161.00  155.00  150.00  145.00  140.00  137.00  135.00  132.00  129.00  128.00  123.00  121.00  113.00     
0_on   174.00  169.00  164.00  158.00  152.00  146.00  141.00  136.00  131.00  128.00  124.00  119.00  116.00  108.00  105.00   98.00     
7_off  184.00  183.00  180.00  178.00  176.00  171.00  169.00  168.00  165.00  164.00  163.00  162.00  161.00  158.00  156.00  150.00     
6_off  187.00  186.00  184.00  180.00  177.00  176.00  173.00  171.00  169.00  166.00  165.00  163.00  162.00  161.00  158.00  152.00     
5_off  187.00  186.00  184.00  181.00  179.00  176.00  173.00  171.00  169.00  168.00  166.00  164.00  162.00  161.00  157.00  151.00     
4_off  188.00  186.00  183.00  180.00  178.00  176.00  172.00  170.00  169.00  167.00  165.00  165.00  163.00  161.00  157.00  152.00     
3_off  188.00  187.00  184.00  182.00  178.00  176.00  173.00  170.00  169.00  167.00  166.00  164.00  162.00  161.00  158.00  152.00     
2_off  191.00  188.00  185.00  180.00  179.00  176.00  172.00  168.00  167.00  165.00  162.00  160.00  159.00  157.00  154.00  147.00     
                                                                                                                                          
Band C EvEz Cross Phase                                                                                                                   
          0       1       2       3       4       5       6       7       8       9      10      11      12      13      14      15       
      ------- ------- ------- ------- ------- ------- ------- ------- ------- ------- ------- ------- ------- ------- ------- -------     
5_on  -160.02 -160.71 -161.03 -162.90 -163.30 -162.65 -165.00 -165.96 -167.47 -167.77 -169.11 -169.38 -169.70 -169.77 -170.87 -172.00     
4_on  -161.57 -160.71 -161.03 -162.18 -162.00 -164.29 -163.91 -165.96 -167.32 -167.77 -169.11 -168.69 -170.07 -170.77 -171.87 -171.47     
3_on  -160.71 -160.71 -161.03 -162.90 -162.00 -164.29 -164.85 -164.62 -165.96 -166.87 -168.06 -169.38 -169.38 -170.25 -171.25 -172.00     
2_on  -161.57 -158.75 -160.35 -162.00 -162.18 -162.35 -164.48 -165.00 -165.96 -165.96 -167.77 -169.61 -170.18 -170.33 -168.52 -170.54     
1_on  -161.57 -159.44 -161.57 -161.57 -161.18 -162.18 -163.01 -163.74 -167.47 -168.69 -168.23 -164.48 -173.32 -172.23 -175.24 -175.63     
0_on  -160.35 -157.38 -159.44 -160.35 -159.44 -160.71 -162.90 -164.29 -167.20 -166.81 -167.09 -165.07 -169.38 -159.44 -163.01 -164.62     
7_off -162.65 -161.57 -162.65 -164.62 -162.65 -164.74 -161.57 -164.29 -168.06 -170.54 -169.70 -168.69 -167.47 -166.93 -173.46  179.10     
6_off -162.35 -162.00 -162.65 -161.57 -163.01 -165.96 -167.01 -168.44 -168.23 -169.88 -170.18 -169.70 -169.38 -170.54 -170.87 -172.87     
5_off -161.18 -160.71 -162.65 -162.90 -163.54 -165.96 -165.96 -167.20 -167.47 -167.66 -169.88 -169.38 -169.38 -170.54 -171.25 -171.47     
4_off -161.57 -162.00 -161.57 -161.57 -163.30 -164.29 -165.96 -165.96 -167.47 -167.77 -168.06 -169.11 -170.33 -170.54 -170.18 -171.12     
3_off -161.57 -161.18 -161.03 -162.18 -162.00 -162.65 -163.91 -164.62 -165.96 -166.87 -168.89 -169.38 -169.38 -170.54 -171.87 -172.00     
2_off -159.86 -161.57 -160.14 -161.57 -162.35 -164.29 -163.74 -164.29 -165.96 -167.01 -168.69 -167.66 -169.61 -171.25 -170.77 -171.60     
                                                                                                                                          
Band HF1 Cal Level = 7 and Attenuator On                                                                                                  
             4       5       6       7       8       9      10      11      12      13      14      15      16      17      18      19    
         ------- ------- ------- ------- ------- ------- ------- ------- ------- ------- ------- ------- ------- ------- ------- -------  
AgcEu     150.00  152.00  152.00  152.00  152.00  151.00  151.00  150.00  149.00  148.00  147.00  147.00  146.00  145.00  145.00  144.00  
AgcEw     142.00  145.00  146.00  147.00  147.00  146.00  146.00  145.00  144.00  143.00  143.00  142.00  142.00  141.00  141.00  140.00  
AgcEv     154.00  155.00  156.00  155.00  155.00  154.00  153.00  152.00  151.00  151.00  150.00  149.00  148.00  148.00  147.00  146.00  
AgcEz     143.00  145.00  146.00  147.00  147.00  147.00  146.00  145.00  145.00  144.00  143.00  143.00  142.00  142.00  141.00  141.00  
AutoEu    157.00  156.00  156.00  156.00  156.00  156.00  157.00  156.00  156.00  156.00  157.00  157.00  157.00  156.00  156.00  156.00  
AutoEw    157.00  156.00  156.00  156.00  156.00  156.00  157.00  156.00  156.00  156.00  157.00  157.00  157.00  156.00  156.00  156.00  
AutoEv    156.00  157.00  157.00  156.00  156.00  157.00  156.00  156.00  156.00  156.00  156.00  156.00  156.00  156.00  157.00  156.00  
AutoEz    156.00  157.00  156.00  156.00  156.00  157.00  156.00  156.00  156.00  156.00  156.00  156.00  156.00  156.00  157.00  156.00  
CmagEuEw  156.00  155.00  156.00  155.00  156.00  156.00  156.00  156.00  156.00  156.00  156.00  157.00  157.00  155.00  156.00  156.00  
CmagEvEz  155.00  156.00  156.00  156.00  156.00  157.00  156.00  155.00  155.00  155.00  156.00  155.00  155.00  155.00  157.00  155.00  
CphsEuEw   16.26   16.46   16.26   16.46   15.15   15.15   15.15   14.04   14.04   12.91   14.04   12.99   12.99   12.80   12.91   11.77  
CphsEvEz -146.98 -149.42 -151.39 -153.43 -153.43 -155.38 -155.56 -157.75 -157.75 -157.75 -159.44 -160.02 -160.02 -160.02 -162.90 -161.18  
                                                                                                                                          
Band HF1 Cal Level = 5 and Attenuator Off                                                                                                 
             4       5       6       7       8       9      10      11      12      13      14      15      16      17      18      19    
         ------- ------- ------- ------- ------- ------- ------- ------- ------- ------- ------- ------- ------- ------- ------- -------  
AgcEu     167.00  169.00  170.00  170.00  169.00  168.00  167.00  167.00  166.00  165.00  165.00  164.00  163.00  163.00  162.00  161.00  
AgcEw     159.00  162.00  163.00  164.00  163.00  163.00  162.00  161.00  161.00  160.00  160.00  159.00  158.00  158.00  157.00  156.00  
AgcEv     171.00  173.00  173.00  172.00  172.00  171.00  170.00  169.00  168.00  167.00  166.00  166.00  165.00  164.00  164.00  163.00  
AgcEz     160.00  162.00  163.00  164.00  164.00  163.00  163.00  162.00  162.00  161.00  160.00  159.00  159.00  158.00  158.00  157.00  
AutoEu    156.00  156.00  156.00  157.00  156.00  155.00  155.00  156.00  157.00  157.00  156.00  156.00  156.00  156.00  156.00  156.00  
AutoEw    156.00  156.00  156.00  156.00  156.00  155.00  155.00  156.00  157.00  157.00  156.00  156.00  156.00  156.00  156.00  156.00  
AutoEv    157.00  157.00  156.00  156.00  156.00  157.00  157.00  157.00  156.00  156.00  156.00  157.00  156.00  157.00  156.00  156.00  
AutoEz    157.00  157.00  156.00  156.00  156.00  157.00  157.00  156.00  156.00  156.00  156.00  157.00  156.00  157.00  156.00  156.00  
CmagEuEw  156.00  156.00  155.00  156.00  156.00  155.00  155.00  156.00  156.00  156.00  155.00  155.00  156.00  155.00  156.00  156.00  
CmagEvEz  156.00  156.00  156.00  156.00  156.00  157.00  157.00  157.00  157.00  155.00  156.00  156.00  155.00  156.00  155.00  156.00  
CphsEuEw   16.26   16.26   16.46   16.26   15.15   15.26   15.26   14.04   14.04   14.04   14.04   14.04   12.91   14.04   12.91   12.91  
CphsEvEz -149.42 -149.42 -151.39 -151.39 -153.43 -155.38 -157.38 -157.38 -157.38 -157.75 -159.44 -159.44 -160.02 -159.44 -160.02 -161.57  
                                                                                                                                          
Band HF1 475 KHz (F 19)                                                                                                                   
            1              2                          4                                                  8                                
          ------          ------                    ------                                             ------                             
AgcEu     162.00          162.00                    162.00                                             161.00                             
AgcEw     157.00          157.00                    157.00                                             157.00                             
AgcEv     164.00          164.00                    163.00                                             163.00                             
AgcEz     158.00          158.00                    157.00                                             157.00                             
         -------    ---------------    -------------------------------    --------------------------------------------------------------- 
AutoEu    156.00     166.00  168.00     174.00  176.00  177.00  174.00     180.00  184.00  183.00  183.00  184.00  183.00  184.00  179.00 
AutoEw    156.00     166.00  168.00     174.00  176.00  177.00  175.00     180.00  184.00  183.00  183.00  184.00  183.00  184.00  180.00 
AutoEv    156.00     168.00  166.00     177.00  177.00  178.00  176.00     180.00  184.00  184.00  184.00  184.00  185.00  184.00  180.00 
AutoEz    156.00     168.00  166.00     177.00  177.00  178.00  176.00     180.00  184.00  184.00  183.00  184.00  185.00  184.00  181.00 
CmagEuEw  156.00     166.00  167.00     174.00  175.00  177.00  174.00     180.00  184.00  182.00  183.00  184.00  183.00  183.00  179.00 
CmagEvEz  155.00     167.00  165.00     177.00  177.00  177.00  175.00     180.00  184.00  183.00  183.00  183.00  184.00  184.00  180.00 
CphsEuEw   12.91      12.09   14.04      11.11   13.13   12.53   14.04      10.62   12.34   13.07   13.13   13.19   12.23   14.04   15.26 
CphsEvEz -160.02    -161.57 -158.96    -163.01 -161.57 -160.14 -159.86    -163.74 -161.03 -161.57 -161.57 -161.57 -159.44 -159.44 -159.44 
                                                                                                                                          
Band HF2 Cal Level = 7 and Attenuator On                                                                                                  
             5      10      15      20      25      30      35      40      45      50      55      60      65      70      75      80    
         ------- ------- ------- ------- ------- ------- ------- ------- ------- ------- ------- ------- ------- ------- ------- -------  
AgcEu     141.00  139.00  137.00  136.00  134.00  133.00  133.00  132.00  131.00  130.00  129.00  129.00  128.00  128.00  126.00  125.00  
AgcEw     137.00  135.00  133.00  132.00  131.00  129.00  129.00  128.00  127.00  126.00  126.00  125.00  124.00  124.00  123.00  122.00  
AgcEv     143.00  140.00  138.00  137.00  136.00  135.00  134.00  133.00  133.00  131.00  130.00  130.00  129.00  128.00  127.00  127.00  
AgcEz     138.00  136.00  134.00  133.00  132.00  131.00  129.00  128.00  128.00  127.00  126.00  125.00  125.00  124.00  123.00  123.00  
AutoEu    156.00  157.00  158.00  157.00  156.00  156.00  157.00  156.00  157.00  156.00  157.00  157.00  157.00  157.00  156.00  157.00  
AutoEw    156.00  157.00  158.00  157.00  156.00  156.00  157.00  156.00  157.00  156.00  157.00  157.00  157.00  157.00  156.00  157.00  
AutoEv    157.00  156.00  157.00  157.00  156.00  156.00  157.00  155.00  156.00  155.00  157.00  158.00  157.00  156.00  155.00  156.00  
AutoEz    157.00  156.00  157.00  157.00  156.00  156.00  156.00  155.00  156.00  155.00  157.00  157.00  157.00  156.00  155.00  155.00  
CmagEuEw  155.00  157.00  157.00  157.00  155.00  156.00  157.00  156.00  157.00  156.00  157.00  157.00  157.00  157.00  156.00  157.00  
CmagEvEz  157.00  156.00  157.00  157.00  156.00  156.00  156.00  155.00  155.00  155.00  157.00  157.00  157.00  156.00  155.00  155.00  
CphsEuEw   11.56   10.89   10.89    9.82   10.30    9.46    8.75    9.46    8.75    9.46    9.82    9.82    9.82    9.82   10.62   10.89  
CphsEvEz -163.91 -165.96 -165.96 -167.01 -167.09 -167.09 -167.09 -167.20 -165.96 -165.96 -167.01 -165.96 -165.96 -165.96 -165.96 -165.96  
                                                                                                                                          
            85      90      95     100     105     110     115     120     125     130     135     140     145     150     155     160    
         ------- ------- ------- ------- ------- ------- ------- ------- ------- ------- ------- ------- ------- ------- ------- -------  
AgcEu     125.00  124.00  125.00  124.00  123.00  123.00  123.00  122.00  122.00  121.00  121.00  121.00  121.00  121.00  121.00  121.00  
AgcEw     122.00  121.00  121.00  121.00  120.00  120.00  120.00  119.00  119.00  119.00  118.00  119.00  118.00  118.00  119.00  119.00  
AgcEv     126.00  126.00  125.00  124.00  124.00  124.00  123.00  122.00  122.00  122.00  122.00  122.00  122.00  121.00  121.00  121.00  
AgcEz     122.00  122.00  121.00  121.00  121.00  120.00  119.00  119.00  119.00  119.00  120.00  119.00  119.00  119.00  119.00  119.00  
AutoEu    156.00  157.00  156.00  156.00  157.00  156.00  157.00  156.00  157.00  156.00  157.00  156.00  156.00  156.00  156.00  156.00  
AutoEw    156.00  157.00  156.00  156.00  157.00  156.00  156.00  156.00  157.00  155.00  157.00  156.00  156.00  156.00  156.00  156.00  
AutoEv    156.00  155.00  156.00  158.00  158.00  156.00  156.00  157.00  156.00  157.00  157.00  158.00  156.00  157.00  156.00  155.00  
AutoEz    156.00  155.00  156.00  157.00  157.00  156.00  156.00  157.00  156.00  157.00  157.00  158.00  156.00  156.00  156.00  155.00  
CmagEuEw  156.00  157.00  156.00  155.00  156.00  156.00  156.00  156.00  157.00  155.00  156.00  156.00  156.00  155.00  156.00  156.00  
CmagEvEz  156.00  155.00  156.00  157.00  157.00  155.00  156.00  157.00  155.00  157.00  156.00  157.00  156.00  156.00  156.00  155.00  
CphsEuEw   10.62   10.89   11.77   11.56   11.77   11.77   11.77   11.77   11.94   12.80   12.91   12.91   12.91   12.80   12.91   12.91  
CphsEvEz -165.96 -165.96 -164.85 -164.93 -164.93 -163.54 -164.85 -164.93 -163.54 -163.91 -163.74 -163.91 -163.74 -163.74 -163.74 -164.74  
                                                                                                                                          
           165     170     175     180     185     190     195     200     205     210     215     220     225     230     235     240    
         ------- ------- ------- ------- ------- ------- ------- ------- ------- ------- ------- ------- ------- ------- ------- -------  
AgcEu     120.00  121.00  121.00  121.00  121.00  121.00  122.00  122.00  121.00  121.00  120.00  120.00  120.00  119.00  117.00  116.00  
AgcEw     118.00  119.00  119.00  119.00  119.00  120.00  120.00  120.00  119.00  119.00  118.00  118.00  117.00  116.00  114.00  113.00  
AgcEv     121.00  121.00  122.00  121.00  122.00  122.00  122.00  122.00  122.00  121.00  121.00  121.00  120.00  119.00  118.00  117.00  
AgcEz     119.00  120.00  120.00  120.00  121.00  120.00  120.00  120.00  120.00  119.00  119.00  119.00  118.00  116.00  115.00  114.00  
AutoEu    157.00  156.00  156.00  157.00  155.00  157.00  156.00  155.00  155.00  157.00  157.00  157.00  156.00  156.00  156.00  156.00  
AutoEw    157.00  156.00  156.00  157.00  155.00  157.00  156.00  155.00  155.00  157.00  157.00  157.00  155.00  156.00  156.00  156.00  
AutoEv    156.00  157.00  156.00  156.00  156.00  157.00  156.00  157.00  158.00  157.00  157.00  156.00  156.00  157.00  157.00  157.00  
AutoEz    156.00  157.00  156.00  156.00  156.00  157.00  156.00  157.00  158.00  157.00  157.00  156.00  155.00  156.00  157.00  157.00  
CmagEuEw  156.00  156.00  155.00  157.00  155.00  157.00  156.00  155.00  155.00  157.00  157.00  156.00  155.00  156.00  156.00  156.00  
CmagEvEz  156.00  156.00  156.00  156.00  156.00  157.00  156.00  157.00  158.00  157.00  157.00  156.00  155.00  156.00  156.00  157.00  
CphsEuEw   12.91   11.77   11.56   10.89   10.30    9.82    9.46    9.04    7.77    7.13    6.58    6.54    6.48    6.54    6.54    7.13  
CphsEvEz -163.74 -163.74 -164.85 -164.85 -165.96 -167.01 -167.09 -168.06 -168.89 -169.11 -169.11 -170.54 -169.70 -169.38 -169.38 -169.11  
                                                                                                                                          
           245     250     255     260     265     270     275     280     285     290     295     300     305     310     315     320    
         ------- ------- ------- ------- ------- ------- ------- ------- ------- ------- ------- ------- ------- ------- ------- -------  
AgcEu     116.00  115.00  113.00  112.00  111.00  109.00  108.00  107.00  106.00  105.00  105.00  104.00  104.00  103.00  103.00  102.00  
AgcEw     112.00  111.00  109.00  108.00  107.00  106.00  104.00  103.00  103.00  102.00  102.00  101.00  101.00  101.00  101.00  101.00  
AgcEv     116.00  115.00  114.00  112.00  111.00  110.00  108.00  107.00  107.00  106.00  105.00  104.00  104.00  104.00  104.00  103.00  
AgcEz     113.00  112.00  111.00  109.00  108.00  107.00  105.00  104.00  104.00  103.00  102.00  102.00  101.00  102.00  102.00  102.00  
AutoEu    156.00  157.00  157.00  157.00  156.00  156.00  157.00  156.00  157.00  156.00  155.00  157.00  156.00  156.00  157.00  155.00  
AutoEw    156.00  157.00  157.00  157.00  156.00  156.00  157.00  156.00  157.00  156.00  155.00  157.00  156.00  156.00  157.00  155.00  
AutoEv    156.00  156.00  156.00  156.00  157.00  156.00  156.00  156.00  157.00  158.00  157.00  156.00  156.00  156.00  156.00  157.00  
AutoEz    156.00  156.00  156.00  156.00  157.00  156.00  156.00  156.00  156.00  158.00  157.00  156.00  156.00  156.00  156.00  157.00  
CmagEuEw  156.00  157.00  157.00  156.00  156.00  156.00  157.00  156.00  156.00  156.00  155.00  157.00  156.00  156.00  156.00  155.00  
CmagEvEz  155.00  156.00  155.00  156.00  157.00  156.00  156.00  156.00  156.00  157.00  156.00  156.00  155.00  155.00  155.00  156.00  
CphsEuEw    7.13    7.67    8.75    9.46   10.62   10.62   10.89   11.77   12.91   12.91   14.04   15.07   15.15   16.26   16.26   15.26  
CphsEvEz -168.44 -169.38 -167.20 -167.09 -167.01 -165.96 -165.96 -164.85 -163.74 -162.90 -162.65 -162.65 -162.35 -161.18 -161.18 -161.57  
                                                                                                                                          
Band HF2 Cal Level = 5 and Attenuator Off                                                                                                 
             5      10      15      20      25      30      35      40      45      50      55      60      65      70      75      80    
         ------- ------- ------- ------- ------- ------- ------- ------- ------- ------- ------- ------- ------- ------- ------- -------  
AgcEu     157.00  156.00  154.00  153.00  152.00  150.00  149.00  148.00  147.00  146.00  145.00  144.00  143.00  142.00  140.00  139.00  
AgcEw     153.00  151.00  150.00  149.00  148.00  146.00  145.00  144.00  143.00  142.00  141.00  140.00  139.00  138.00  137.00  136.00  
AgcEv     160.00  157.00  155.00  154.00  152.00  151.00  150.00  149.00  148.00  147.00  145.00  144.00  143.00  141.00  141.00  140.00  
AgcEz     154.00  152.00  150.00  149.00  147.00  146.00  145.00  145.00  144.00  143.00  142.00  140.00  139.00  138.00  138.00  137.00  
AutoEu    157.00  158.00  156.00  157.00  158.00  157.00  157.00  156.00  157.00  156.00  156.00  156.00  157.00  156.00  156.00  157.00  
AutoEw    157.00  158.00  156.00  157.00  158.00  157.00  157.00  156.00  157.00  156.00  156.00  156.00  157.00  156.00  156.00  157.00  
AutoEv    155.00  157.00  156.00  155.00  156.00  157.00  156.00  156.00  155.00  156.00  156.00  156.00  157.00  156.00  157.00  156.00  
AutoEz    155.00  157.00  156.00  155.00  156.00  157.00  156.00  155.00  155.00  155.00  156.00  155.00  157.00  156.00  156.00  156.00  
CmagEuEw  157.00  157.00  156.00  157.00  158.00  156.00  157.00  156.00  156.00  156.00  156.00  156.00  157.00  156.00  156.00  157.00  
CmagEvEz  155.00  156.00  156.00  155.00  156.00  157.00  155.00  155.00  155.00  155.00  155.00  155.00  156.00  156.00  156.00  155.00  
CphsEuEw   11.94   11.94   10.62   10.89   11.11   11.77   10.89   10.62   11.77   11.77   11.77   11.77   12.99   12.91   14.04   12.99  
CphsEvEz -162.35 -162.65 -163.74 -164.74 -163.74 -164.93 -163.54 -163.54 -163.54 -162.35 -161.18 -162.35 -161.57 -161.57 -161.57 -161.18  
                                                                                                                                          
            85      90      95     100     105     110     115     120     125     130     135     140     145     150     155     160    
         ------- ------- ------- ------- ------- ------- ------- ------- ------- ------- ------- ------- ------- ------- ------- -------  
AgcEu     138.00  137.00  136.00  135.00  135.00  133.00  132.00  132.00  131.00  130.00  129.00  129.00  129.00  128.00  128.00  127.00  
AgcEw     135.00  134.00  133.00  132.00  132.00  131.00  130.00  129.00  129.00  128.00  128.00  127.00  127.00  127.00  127.00  127.00  
AgcEv     138.00  137.00  136.00  135.00  134.00  133.00  132.00  131.00  131.00  130.00  129.00  129.00  128.00  128.00  127.00  127.00  
AgcEz     135.00  135.00  134.00  133.00  132.00  131.00  131.00  130.00  130.00  129.00  128.00  128.00  128.00  128.00  128.00  127.00  
AutoEu    157.00  157.00  156.00  157.00  156.00  156.00  157.00  156.00  157.00  156.00  156.00  157.00  156.00  156.00  157.00  156.00  
AutoEw    157.00  157.00  156.00  157.00  156.00  156.00  157.00  157.00  157.00  156.00  156.00  157.00  156.00  156.00  157.00  156.00  
AutoEv    157.00  157.00  157.00  155.00  157.00  157.00  157.00  156.00  156.00  156.00  156.00  156.00  156.00  157.00  156.00  155.00  
AutoEz    157.00  157.00  156.00  155.00  157.00  157.00  157.00  156.00  156.00  155.00  156.00  156.00  155.00  157.00  156.00  155.00  
CmagEuEw  157.00  156.00  156.00  156.00  156.00  156.00  156.00  156.00  157.00  155.00  156.00  156.00  155.00  156.00  156.00  156.00  
CmagEvEz  156.00  156.00  156.00  155.00  156.00  156.00  156.00  155.00  156.00  155.00  155.00  156.00  155.00  156.00  156.00  154.00  
CphsEuEw   12.99   14.04   14.04   12.91   12.91   14.04   14.04   14.04   14.04   15.26   14.04   15.15   15.26   15.15   14.04   14.04  
CphsEvEz -161.57 -161.57 -161.57 -161.18 -161.57 -161.57 -161.57 -161.18 -161.57 -161.18 -160.02 -161.57 -160.02 -161.57 -161.57 -160.71  
                                                                                                                                          
           165     170     175     180     185     190     195     200     205     210     215     220     225     230     235     240    
         ------- ------- ------- ------- ------- ------- ------- ------- ------- ------- ------- ------- ------- ------- ------- -------  
AgcEu     127.00  127.00  127.00  126.00  126.00  126.00  126.00  126.00  125.00  125.00  125.00  123.00  122.00  121.00  119.00  118.00  
AgcEw     127.00  127.00  126.00  126.00  126.00  126.00  127.00  126.00  125.00  125.00  125.00  122.00  121.00  120.00  118.00  116.00  
AgcEv     126.00  126.00  126.00  126.00  125.00  125.00  125.00  125.00  125.00  125.00  124.00  123.00  122.00  121.00  119.00  117.00  
AgcEz     127.00  127.00  127.00  127.00  127.00  127.00  127.00  126.00  126.00  126.00  124.00  123.00  122.00  121.00  119.00  117.00  
AutoEu    156.00  156.00  156.00  156.00  157.00  157.00  157.00  156.00  157.00  156.00  156.00  156.00  156.00  159.00  156.00  156.00  
AutoEw    156.00  156.00  156.00  155.00  157.00  157.00  157.00  156.00  157.00  156.00  156.00  156.00  156.00  159.00  156.00  156.00  
AutoEv    156.00  157.00  156.00  157.00  156.00  155.00  156.00  156.00  156.00  158.00  155.00  156.00  156.00  157.00  156.00  156.00  
AutoEz    156.00  157.00  156.00  157.00  156.00  155.00  156.00  156.00  156.00  158.00  155.00  156.00  156.00  157.00  156.00  156.00  
CmagEuEw  156.00  156.00  155.00  155.00  156.00  156.00  157.00  156.00  157.00  156.00  156.00  156.00  155.00  159.00  156.00  156.00  
CmagEvEz  155.00  156.00  156.00  156.00  156.00  155.00  156.00  156.00  156.00  158.00  155.00  156.00  156.00  157.00  156.00  155.00  
CphsEuEw   14.04   12.91   12.80   12.80   11.77   10.62    8.75    8.88    8.21    6.54    5.95    5.95    5.19    4.76    4.76    5.36  
CphsEvEz -161.18 -161.57 -163.74 -163.74 -164.85 -164.74 -167.09 -167.09 -168.23 -169.88 -169.70 -170.54 -170.54 -171.25 -171.12 -169.70  
                                                                                                                                          
           245     250     255     260     265     270     275     280     285     290     295     300     305     310     315     320    
         ------- ------- ------- ------- ------- ------- ------- ------- ------- ------- ------- ------- ------- ------- ------- -------  
AgcEu     117.00  115.00  113.00  112.00  110.00  108.00  106.00  105.00  104.00  103.00  103.00  102.00  102.00  102.00  103.00  103.00  
AgcEw     115.00  113.00  111.00  110.00  108.00  106.00  103.00  103.00  102.00  101.00  101.00  100.00  100.00  100.00  101.00  101.00  
AgcEv     116.00  114.00  113.00  110.00  109.00  107.00  106.00  105.00  103.00  102.00  101.00  101.00  102.00  102.00  101.00  101.00  
AgcEz     115.00  113.00  111.00  110.00  108.00  106.00  104.00  103.00  102.00  101.00  101.00  101.00  101.00  101.00  101.00  101.00  
AutoEu    157.00  157.00  157.00  156.00  156.00  157.00  156.00  156.00  156.00  155.00  157.00  157.00  156.00  157.00  156.00  157.00  
AutoEw    157.00  157.00  157.00  156.00  156.00  157.00  156.00  156.00  156.00  155.00  157.00  157.00  156.00  157.00  156.00  157.00  
AutoEv    156.00  157.00  158.00  157.00  156.00  156.00  157.00  157.00  158.00  157.00  157.00  156.00  157.00  156.00  157.00  157.00  
AutoEz    156.00  157.00  158.00  156.00  156.00  156.00  157.00  157.00  158.00  157.00  157.00  156.00  157.00  156.00  156.00  156.00  
CmagEuEw  156.00  157.00  157.00  156.00  156.00  157.00  156.00  156.00  156.00  155.00  157.00  157.00  156.00  156.00  155.00  156.00  
CmagEvEz  156.00  157.00  157.00  156.00  156.00  155.00  157.00  156.00  157.00  157.00  156.00  156.00  157.00  155.00  156.00  156.00  
CphsEuEw    5.95    6.04    6.58    6.54    7.71    7.67    7.71    7.71    8.88    9.04    8.21    8.75    8.88    9.46    8.40    8.88  
CphsEvEz -169.38 -169.11 -169.11 -168.23 -168.23 -168.44 -169.11 -168.23 -168.06 -169.11 -168.23 -167.09 -168.06 -168.44 -170.54 -169.38  
                                                                                                                                          
Band HF2 775 KHz (F 15)                                                                                                                   
          5_on    4_on    3_on    2_on    1_on    0_on        7_off   6_off   5_off   4_off   3_off   2_off                               
         ------- ------- ------- ------- ------- -------     ------- ------- ------- ------- ------- -------                              
AgcEu      71.00   42.00   12.00    0.00    0.00    0.00      177.00  158.00  134.00  109.00   84.00   51.00                              
AgcEw      69.00   41.00   16.00    3.00    3.00    3.00      173.00  154.00  132.00  108.00   83.00   52.00                              
AgcEv      73.00   43.00   13.00    0.00    0.00    0.00      176.00  157.00  134.00  109.00   83.00   53.00                              
AgcEz      71.00   42.00   16.00    4.00    3.00    3.00      173.00  155.00  132.00  108.00   83.00   53.00                              
AutoEu    156.00  156.00  154.00  147.00  146.00  146.00      156.00  156.00  156.00  156.00  156.00  155.00                              
AutoEw    156.00  156.00  155.00  153.00  154.00  154.00      156.00  156.00  156.00  156.00  156.00  155.00                              
AutoEv    156.00  156.00  155.00  150.00  147.00  148.00      156.00  156.00  156.00  157.00  156.00  156.00                              
AutoEz    156.00  155.00  154.00  153.00  153.00  153.00      156.00  156.00  156.00  157.00  156.00  156.00                              
CmagEuEw  156.00  155.00  152.00  137.00  138.00  140.00      156.00  155.00  156.00  156.00  155.00  154.00                              
CmagEvEz  156.00  154.00  147.00  128.00  136.00  136.00      155.00  155.00  155.00  156.00  156.00  155.00                              
CphsEuEw   11.77   12.80   10.62   -0.90   -6.42    3.87       11.77   14.04   14.04   14.04   15.26   16.70                              
CphsEvEz -164.85 -164.62  -11.56    7.13    0.39 -174.64     -161.18 -160.02 -160.02 -161.57 -162.65   22.25                              
